COMISIÓN NACIONAL DEL AGUA
COORDINACIÓN GENERAL DEL SERVICIO METEOROLÓGICO NACIONAL
PROYECTO DE BASES DE DATOS CLIMATOLÓGICOS
    
                         AÑO  ENE    FEB    MAR    ABR    MAY    JUN    JUL    AGO    SEP    OCT    NOV    DIC  ACUMULADO  MEDIA  MESES
00029026
ZITLALTEPEC, ZILTLALTÉPE
DIAS CON GRANIZO
                         1966        0      0      1      0      0      0      0      0      0      0      0          1.0       0.1 11
                         1967 0      0      0      0      0      0      0      0      0      0      0      0          0.0       0.0 12
                         1968 1      0      0      0      1      1      0      0      0      0      0      0          3.0       0.3 12
                         1969 0      0      1      0      0      0      0      0      0      0      0      0          1.0       0.1 12
                         1970 0      0      0      0      0      0      0      0      0      0      0      0          0.0       0.0 12
                         1971 0      0      1      0      0      0      0      0      0      0      0      0          1.0       0.1 12
                         1972 0      0      0      1      1      0      0      0      0      0      0      0          2.0       0.2 12
                         1973 0      0      0      0      0      1      0      0      0      0      0      0          1.0       0.1 12
                         1974 0      0      0      0      0      1      0      0      0      0      0      0          1.0       0.1 12
                         1975 0      0      0      1      0      0      0      0      0      0      0      1          2.0       0.2 12
                         1976 0      0      0      0      1      0      0      0      0      0      0      0          1.0       0.1 12
                         1977 0      0      0      0      0      0      0      0      0      0      1      0          1.0       0.1 12
                         1978 0      0      0      0      0      0      0      0      0      0      0      0          0.0       0.0 12
                         1979 0      0      1      3      0      0      0      0      0      0      0      0          4.0       0.3 12
                         1980 0      0      0      0      0      0      0      0      0      0      0      0          0.0       0.0 12
                         1981 0      1      0      1      0      0      0      0      0      0      0      0          2.0       0.2 12
                         1982 0      0      0      0      0      0      0      0      0      0      0      0          0.0       0.0 12
                         1983 0      0      0      0      0                           0      0      0      0          0.0       0.0  9
                         1984 0      0      0      0      0      0      1      0      0      0      0      0          1.0       0.1 12
                         1985 0      0      0      0      0      0      1      0      0      0      1      0          2.0       0.2 12
                         1986 0      0      0      0      0      0      0      0      0      0             0          0.0       0.0 11
                         1987 0      0      0      0      0      1      0      0      0      0      0      0          1.0       0.1 12
                         1988 0      0      0      0      0      0      0      0                                      0.0       0.0  8
                         1992 0      0      0      0      0      0      0      0      0      0      0      0          0.0       0.0 12
                         1993 0      0      0      0      0      0      0      0      0      0      0      0          0.0       0.0 12
                         1994 1      0      0      0      1      0      0      0      0      0      0      0          2.0       0.2 12
                         1995 0      0      0      0      0      0      0      0      0      0      0      0          0.0       0.0 12
                         1996 0      0      0      0      0      0      0      1      0      0      0      0          1.0       0.1 12
                         1997 0      0      0      0      0      0      0      0      0      0      0      0          0.0       0.0 12
                         1998 0      0      0      0      0      0      0      0      0      0      0      0          0.0       0.0 12
                         1999 0      0      0      0      0      0      0      0      0      0      0      0          0.0       0.0 12
                         2000 0      0      0      0      1      0      0      0      0      0      0      0          1.0       0.1 12
                         2001 0      0      0      0      0      0      0      0      1      0      0      0          1.0       0.1 12
                         2002 0      0      0      0      0      2      0      0      0      1      0      0          3.0       0.3 12
                         2003 0      0      0      0      1      3      0      0      0      0      0      0          4.0       0.3 12
                         2004 0      0      0      0      1      1      1      3      0      0      0      0          6.0       0.5 12
                         2005 0      0      0      0      0      0      0      0      0      0      0      0          0.0       0.0 12
                         2006 0      0      0      0      5      0      3      0      0      0      0      0          8.0       0.7 12
                         2007 0      0      0      0      1      2      0      0      0      0      0      0          3.0       0.3 12
                         2008 0      1      0      3      1      0      1      2      0      1      0      0          9.0       0.8 12
                         2009 0      0      0      0      0      1      2      0      0      0      0      0          3.0       0.3 12
                         2010 0      0      0      0      0      0      0      0      0      0      0      0          0.0       0.0 12
                         2011 0      0      0      0      1      0      0      0      0      0      0      0          1.0       0.1 12
                         2012 0      0      0      0      0      0      0      0      0      0      0      0          0.0       0.0 12
                         2013 0      0      0      0      0      0      0      0      0      0      0      0          0.0       0.0 12
                         2014 0      0      0      0      0      0      0      0      0      0      0      0          0.0       0.0 12
                         2016 0      0      0      0      0      0      0      0      0      0      0      0          0.0       0.0 12
                         2017 0      0      0      0      0      0      0      0      0      0      0      0          0.0       0.0 12
                         2018 0      0      0      0      0      0      0      0      0      0      0      0          0.0       0.0 12
                         2019 0      0      0      0      0      0      0      0      0      0      0      0          0.0       0.0 12
                         2020 0      0      0      0      0      0      0      0      0      0      0      0          0.0       0.0 12
                         2021 0      0      0      0      0      0      0      0      0      0      0      0          0.0       0.0 12

MINIMA                        0      0      0      0      0      0      0      0      0      0      0      0          0.0       0.0
MAXIMA                        1      1      1      3      5      3      3      3      1      1      1      1          9.0       0.8
MEDIA                         0.0392 0.0384 0.0576 0.1923 0.2884 0.2549 0.1764 0.1176 0.0196 0.0392 0.04   0.0196     1.3       0.1
DESV. ESTANDAR                0.196  0.1941 0.2354 0.6274 0.7755 0.6274 0.5551 0.5156 0.14   0.196  0.1979 0.14       1.97      0.2


DIAS CON NIEBLA 
                         1966        3      8      1      1      3      3      11     12     13     4      9         68.0       6.2 11
                         1967 5      2      1      2      1      1      4      3      9      9      12     8         57.0       4.8 12
                         1968 0      10     1      3      9      6      7      6      5      7      15     9         78.0       6.5 12
                         1969 0      0      3      1      1      1      0      1      0      0      0      0          7.0       0.6 12
                         1970 0      0      0      0      2      1      1      0      0      0      0      0          4.0       0.3 12
                         1971 0      0      6      2      12     5      7      9      6      4      0      1         52.0       4.3 12
                         1972 0      0      3      5      6      4      2      1      1      1      1      0         24.0       2.0 12
                         1973 0      0      1      0      3      4      1      2      2      0      2      0         15.0       1.3 12
                         1974 0      0      0      3      4      2      0      2      1      0      0      0         12.0       1.0 12
                         1975 0      0      0      0      4      3      2      2      0      2      0      1         14.0       1.2 12
                         1976 1      2      0      5      3      0      6      4      1      4      0      0         26.0       2.2 12
                         1977 0      1      0      2      1      3      0      2      2      0      0      0         11.0       0.9 12
                         1978 0      0      2      1      2      8      3      4      7      0      2      0         29.0       2.4 12
                         1979 0      1      3      7      2      0      2      5      0      0      0      0         20.0       1.7 12
                         1980 0      0      0      0      5      1      2      2      2      1      0      0         13.0       1.1 12
                         1981 0      1      0      0      1      1      2      0      2      1      0      0          8.0       0.7 12
                         1982 0      0      3      1      2      0      0      0      0      0      2      0          8.0       0.7 12
                         1983 0      0      0      0      0                           0      2      2      0          4.0       0.4  9
                         1984 4      4      1      2      1      3      0      1      4      6      3      2         31.0       2.6 12
                         1985 2      1      0      1      2      0      2      0      5      3      1      1         18.0       1.5 12
                         1986 2      0      2      2      1      0      0      1      0      1             3         12.0       1.1 11
                         1987 1      0      1      0      2      3      5      0      2      2      2      0         18.0       1.5 12
                         1988 2      4      3      1      0      0      0      1                                     11.0       1.4  8
                         1992 0      0      0      0      0      0      0      0      0      0      0      0          0.0       0.0 12
                         1993 0      0      0      0      0      0      0      0      0      0      0      0          0.0       0.0 12
                         1994 0      2      3      1      3      1      0      6      2      2      3      4         27.0       2.3 12
                         1995 0      2      1      1      1      1      0      2      2      1      2      2         15.0       1.3 12
                         1996 5      1      1      1      1      0      0      4      4      1      5      4         27.0       2.3 12
                         1997 0      2      1      0      2      0      1      1      5      4      3      2         21.0       1.8 12
                         1998 2      1      2      0      1      2      1      3      2      4      10     2         30.0       2.5 12
                         1999 3      1      1      2      3      2      0      0      1      0      7      1         21.0       1.8 12
                         2000 0      1      0      0      0      0      1      1      1      3      6      2         15.0       1.3 12
                         2001 0      5      6      3      1      0      0      1      9      5      6      2         38.0       3.2 12
                         2002 3      3      2      3      1      1      3      1      4      7      2      7         37.0       3.1 12
                         2003 3      1      2      3      1      1      2      0      5      3      3      2         26.0       2.2 12
                         2004 2      3      2      3      1      4      4      4      8      4      2      4         41.0       3.4 12
                         2005 0      1      1      2      0      1      2      3      2      5      0      1         18.0       1.5 12
                         2006 1      2      0      1      2      3      2      5      10     5      3      5         39.0       3.3 12
                         2007 10     5      3      5      10     5      4      10     16     9      6      2         85.0       7.1 12
                         2008 3      2      4      2      0      3      6      14     9      8      10     2         63.0       5.3 12
                         2009 3      1      4      2      4      9      1      5      6      11     1      2         49.0       4.1 12
                         2010 3      0      1      3      4      0      4      6      7      3      2      4         37.0       3.1 12
                         2011 3      0      0      0      1      1      4      5      4      4      3      4         29.0       2.4 12
                         2012 1      2      0      3      1      1      1      4      4      4      7      5         33.0       2.8 12
                         2013 1      1      0      0      2      1      0      0      1      1      0      0          7.0       0.6 12
                         2014 1      0      1      1      0      3      0      0      4      4      3      3         20.0       1.7 12
                         2016 3      3      3      3      3      0      0      1      5      3      5      0         29.0       2.4 12
                         2017 1      0      1      1      2      1      0      2      2      2      2      0         14.0       1.2 12
                         2018 1      0      1      1      2      1      0      1      4      3      0      0         14.0       1.2 12
                         2019 2      0      1      0      1      1      0      0      1      3      3      0         12.0       1.0 12
                         2020 1      0      0      0      1      1      0      0      1      3      3      1         11.0       0.9 12
                         2021 1      0      0      0      1      1      0      0      1      3      4      2         13.0       1.1 12

MINIMA                        0      0      0      0      0      0      0      0      0      0      0      0          0.0       0.0
MAXIMA                        10     10     8      7      12     9      7      14     16     13     15     9         85.0       7.1
MEDIA                         1.3725 1.3076 1.5192 1.5384 2.1923 1.8235 1.6666 2.6666 3.549  3.1568 2.94   1.9019    25.2       2.1
DESV. ESTANDAR                1.8757 1.8421 1.7655 1.6022 2.4577 2.0562 2.0166 3.1283 3.5231 3.0091 3.3467 2.4021    19.18      1.6


DIAS CON TORMEN.
                         1966        0      0      1      0      0      2      1      2      0      0      0          6.0       0.5 11
                         1967 0      0      0      1      0      3      0      0      2      1      1      0          8.0       0.7 12
                         1968 1      1      0      1      2      1      0      2      2      0      0      0         10.0       0.8 12
                         1969 16     15     4      5      6      11     0      6      12     12     13     9        109.0       9.1 12
                         1970 7      9      0      0      15     3      3      8      2      13     15     14        89.0       7.4 12
                         1971 0      0      0      0      0      0      2      3      8      9      5      1         28.0       2.3 12
                         1972 4      4      0      0      3      1      1      2      2      6      8      1         32.0       2.7 12
                         1973 2      2      0      1      1      1      1      3      2      4      1      3         21.0       1.8 12
                         1974 1      2      0      1      0      6      2      2      3      4      2      2         25.0       2.1 12
                         1975 1      0      3      2      6      0      0      1      6      6      2      3         30.0       2.5 12
                         1976 5      1      1      1      1      5      0      1      9      7      4      0         35.0       2.9 12
                         1977 2      3      4      15     11     2      6      5      5      10     4      11        78.0       6.5 12
                         1978 7      7      0      1      1      3      2      7      5      15     4      4         56.0       4.7 12
                         1979 1      0      2      3      6      1      4      0      4      4      7      5         37.0       3.1 12
                         1980 1      2      0      0      0      2      0      2      2      7      5      6         27.0       2.3 12
                         1981 1      4      6      0      7      5      1      5      6      4      3      3         45.0       3.8 12
                         1982 3      1      1      1      3      3      0      2      0      3      2      0         19.0       1.6 12
                         1983 3      3      2      0      1                           1      7      5      5         27.0       3.0  9
                         1984 0      0      0      0      3      1      2      0      1      1      1      0          9.0       0.8 12
                         1985 0      0      0      4      0      1      0      2      0      0      0      0          7.0       0.6 12
                         1986 0      0      0      0      0      0      0      0      0      0             0          0.0       0.0 11
                         1987 0      0      0      0      0      3      0      0      0      0      0      0          3.0       0.3 12
                         1988 0      0      0      0      2      0      0      0                                      2.0       0.3  8
                         1992 0      0      0      0      2      0      0      2      0      3      0      0          7.0       0.6 12
                         1993 1      0      1      2      0      1      5      1      0      2      1      0         14.0       1.2 12
                         1994 0      0      1      2      3      1      0      0      1      1      0      0          9.0       0.8 12
                         1995 1      0      1      0      0      0      0      0      0      4      1      0          7.0       0.6 12
                         1996 0      1      0      2      1      0      2      1      2      0      0      0          9.0       0.8 12
                         1997 0      0      1      1      3      0      0      2      1      0      1      0          9.0       0.8 12
                         1998 0      0      0      0      0      3      0      1      9      1      1      0         15.0       1.3 12
                         1999 0      0      1      0      0      1      1      0      0      0      0      0          3.0       0.3 12
                         2000 0      0      0      2      0      0      0      4      0      0      0      0          6.0       0.5 12
                         2001 0      0      1      0      3      4      0      0      2      0      0      1         11.0       0.9 12
                         2002 0      0      1      1      0      0      0      1      1      3      0      0          7.0       0.6 12
                         2003 0      0      1      4      0      0      0      0      0      0      0      0          5.0       0.4 12
                         2004 0      0      0      0      0      3      1      0      1      0      0      0          5.0       0.4 12
                         2005 0      0      0      0      0      0      0      0      0      0      0      0          0.0       0.0 12
                         2006 0      0      0      0      5      0      1      0      0      2      0      0          8.0       0.7 12
                         2007 0      0      0      0      1      0      1      0      0      0      0      0          2.0       0.2 12
                         2008 0      1      0      0      0      0      1      1      0      0      0      0          3.0       0.3 12
                         2009 0      0      0      0      0      0      0      0      0      0      0      0          0.0       0.0 12
                         2010 0      0      0      0      0      0      0      0      0      0      0      0          0.0       0.0 12
                         2011 0      0      0      0      0      0      0      0      0      0      0      0          0.0       0.0 12
                         2012 0      0      0      0      0      0      0      0      0      0      0      0          0.0       0.0 12
                         2013 0      0      0      0      0      0      0      0      0      0      0      0          0.0       0.0 12
                         2014 0      0      0      0      0      0      0      0      0      0      0      0          0.0       0.0 12
                         2016 0      0      0      0      0      0      0      0      0      0      0      0          0.0       0.0 12
                         2017 0      0      0      0      0      0      0      0      0      0      0      0          0.0       0.0 12
                         2018 0      0      0      0      0      0      0      0      0      0      0      0          0.0       0.0 12
                         2019 0      0      0      0      0      0      0      0      0      0      0      0          0.0       0.0 12
                         2020 0      0      0      0      0      0      0      0      0      0      0      0          0.0       0.0 12
                         2021 0      0      0      0      0      0      0      0      0      0      0      0          0.0       0.0 12

MINIMA                        0      0      0      0      0      0      0      0      0      0      0      0          0.0       0.0
MAXIMA                        16     15     6      15     15     11     6      8      12     15     15     14       109.0       9.1
MEDIA                         1.1176 1.0769 0.5961 0.9807 1.6538 1.2745 0.7451 1.2745 1.7843 2.5294 1.72   1.3333    15.8       1.3
DESV. ESTANDAR                2.7029 2.663  1.2249 2.305  2.9959 2.0983 1.3393 1.9501 2.8164 3.8228 3.2264 2.9777    23.29      1.9


EVAPORACION MEN.
                         1980                                                                       103.3  106.4    209.7     104.9  2
                         1981                                                                111.7  116.1  110.7    338.5     112.8  3
                         1982 145.4  137.6  220.6  192.3  149.7  157.5  120    131.5  133.9  114.1  121.3  121    1,744.9     145.4 12
                         1983 123.1  141.6  189.7  238.8  210.7                       100.9  118.4  102.1  114.5  1,339.8     148.9  9
                         1984 109.9  133.9  191.5  242.3  151.6  123.9  109.4  102.4  123.2  126.3  122.5  95.1   1,632.0     136.0 12
                         1985 121.3  124.6  192.6  164.3  151.2  122    114.2  121    115.6  121.8  123.5  92     1,564.1     130.3 12
                         1986 121    134.6  193.6  173.1  140.9  126.1  127.2  128.9  111.1  122.6         113    1,492.1     135.6 11
                         1987 144.26 147.43 192.03 156.13 161.13 126.08 127.76 122.8  108.88 130.35 102.08 101.47 1,620.4     135.0 12
                         1988 117.4  125.1  160.9  181.8  161.4  120.6  132.4  111.1                              1,110.7     138.8  8
                         1992 71.8   95.1   148.7  159.3  145.7  169.5  134.4  134.5         77     63.8   64.9   1,264.7     115.0 11
                         1993 55.1   85.8   153.4  160.1  185.8  147.5  156.7  169.7  141    110.1  72.8   66.8   1,504.8     125.4 12
                         1994 81.1   93.8   123.8  130.2  141.3  115.2  117    101.1  79.1   60.9   62.2   66.6   1,172.3      97.7 12
                         1995 67.3   71.1                 129.56 129.7  119.9  62.9   82.8   88     57.7   61       870.0      87.0 10
                         1996 75.2   81.1   106.6  112.2  151.1  109.9  123.8  114    97.7   105.3  86.5   85.2   1,248.6     104.1 12
                         1997 110.6  121.6  147.5  126.3  97.1   134.3  89.9   124.1  100.1  106.9  67.3   95.6   1,321.3     110.1 12
                         1998 97.2   114.9                       86.6   118.3  89            90.4   79.6   52.5     728.5      91.1  8
                         1999 68.9                 142.1         111    89.1   181    155.8  104.3  72.2            924.4     115.6  8
                         2000                      128.1  166    149.9  93.8   125.4  112.7  112.4  94.8   87.4   1,070.5     118.9  9
                         2001 91.3   113.9  102.6  168.5  139.6  169.5  137.7  136.7  110.1  126.2  98.8   100.2  1,495.1     124.6 12
                         2002 114.8  112.55 189.01 184.94 176.8  138.26 146.45 127.6  111.05 137.14 84.31  78.16  1,601.1     133.4 12
                         2003 79.84  142.2  202.18 171.23 195.42 132.36 130.07 139.34 109.35 112.66 91.75  78.02  1,584.4     132.0 12
                         2004 85.03  134.63 140.79 162.34 159.95 128.73 131.66 138.7  127.76 114.16 128.24 113.76 1,565.8     130.5 12
                         2005 125    137.84 224.11 188.02 171.73 158.06 143.29 129.04 116.94 116.02 114.57 108    1,732.6     144.4 12
                         2006 123.91 133.98 188.04 194.8  181.78 143.26 129.84 119.18 120.23 109.31 81.45  89.2   1,615.0     134.6 12
                         2007 105.09 137.05 176.35 189.28 144.08 157.01 142.6  144.84 116.04 120.81 115.83 115.32 1,664.3     138.7 12
                         2008 126.88 153.87 186.11 187.75 181.68 137.85 120.36 143.33 103.4  123.97 114.09 115.66 1,695.0     141.2 12
                         2009 117.87 132.73 203.59 210.37 173.58 152.34 157.67 158.47 118.77 131.03 118.33 125.65 1,800.4     150.0 12
                         2010 110.86 137.79 228.43 202.57 179.41 170.18 129.31 142.96 100.85 144.38 113.15 112.08 1,772.0     147.7 12
                         2011 132.14 134.93 185.21 190.45 193.47 161.39 120.6  137.48 131.08 116.4  111.3  119.33 1,733.8     144.5 12
                         2012 121.49 105.1  160.29 164.87 167.7  161.65 134.42 147.05 121.85 119    96.25  112.85 1,612.5     134.4 12
                         2013 104.95 149.22 182.31 199.51 180.06 130.85 133.16 127.38 105.08 107.1  80.05  84.7   1,584.4     132.0 12
                         2014 91.95  122.86 120.47 159.03 127.16 132.75 140.45 142    107.75 110.05 75.5   95.03  1,425.0     118.8 12
                         2016 97.62  102    136.8  168.39 157.7  130.8  136    133.15 106.95 104.5  92     103.75 1,469.7     122.5 12
                         2017 120.24 134.5  134.55 162.53 158.05 157.75 133.6  117.45 95.51  97.41  108.58 111.57 1,531.7     127.6 12
                         2018 95.6   112.2  150.95 138.6  164.79 141.42 169.49 123.44 106.53 100.85 95.3   91.55  1,490.7     124.2 12
                         2019 109.3  122.75 158.6  168.55 181.92 141.7  159.85 149.4  116.6  100.9  93.1   86.8   1,589.5     132.5 12
                         2020 95.1   112.69 164    141.54        141.7  159.85 147.67        122.25 102.4  94.05  1,281.3     128.1 10
                         2021 98.15  127.3  163.25 149.05 169.65 131.45 134.05 147.67 122.2  112.1  93.25  101.95 1,550.1     129.2 12

MINIMA                        55.1   71.1   102.6  112.2  97.1   86.6   89.1   62.9   79.1   60.9   57.7   52.5     209.7      87.0
MAXIMA                        145.4  153.87 228.43 242.3  210.7  170.18 169.49 181    155.8  144.38 128.24 125.65 1,800.4     150.0
MEDIA                         104.47 122.59 169.33 170.86 162.05 138.53 130.4  130.63 112.83 111.85 96     96.438 1,393.5     126.9
DESV. ESTANDAR                22.048 20.156 32.712 29.501 22.629 18.981 18.564 21.818 15.41  16.052 19.255 18.576   370.55     15.6


LLUVIA MAX 24 H.
                         1966        13     13     48     20     17     40.4   34     57.4   20     0      4.4      267.2      24.3 11
                         1967 10     13     3      17     19.2   40     12.4   33.4   32     18.5   8      3.5      210.0      17.5 12
                         1968 7.5    20     3      20.4   50     48     15     14.5   9.5    40     40     5        272.9      22.7 12
                         1969 30     1.5    33     15     28.5   24     47     56     12     11     0      1        259.0      21.6 12
                         1970 12     10     0      4      32     35     31     16.5   19     4.5    4.5    0        168.5      14.0 12
                         1971 11     0      11.5   4      20     22     66     34     18     18.5   1      4        210.0      17.5 12
                         1972 0      0      11.5   30     45     50     50     17     20     45.5   35     10       314.0      26.2 12
                         1973 0      15     24     23.5   51.5   31.5   37     24     27.5   31     20     2        287.0      23.9 12
                         1974 6.5    2.5    11.5   29     22.5   28     24     35     24     6      4      0        193.0      16.1 12
                         1975 1      5.5    4      12     51     37.5   21     48.5   22     12     0      6        220.5      18.4 12
                         1976 2      11     0      30     34     13     35     46.5   14.5   50     18.5   0        254.5      21.2 12
                         1977 6      4      0.5    27     23     21     8      13     44     8      8      9.5      172.0      14.3 12
                         1978 4.5    2      25     21     29     49     38.5   36     36     10     9      0        260.0      21.7 12
                         1979 0      10     19     65     25.5   36     29     75     30     2      2      16       309.5      25.8 12
                         1980 35.5   0      4      13.5   35     40     56     35     33     6      3.5    0        261.5      21.8 12
                         1981 10     26     15     35.5   17     46.5   32     36     13.5   10     2.5    1.5      245.5      20.5 12
                         1982 0      18.5   12     28     35.5   25     21     17     9      32     9      0        207.0      17.3 12
                         1983 18     28     13     0      4                           9      26     20     12       130.0      14.4  9
                         1984 20     2.5    5      0      13     26     37.5   14     57     13.5   0.5    1.5      190.5      15.9 12
                         1985 0      6      14.5   34     26     22     49     20     27     9.5    25     2        235.0      19.6 12
                         1986 1      2      1      25.5   36     30     20     20     7.5    26            2.5      171.5      15.6 11
                         1987 0      0      9      13     30     50.4   36     35     24     2      17     0        216.4      18.0 12
                         1988 0      1.5    3.5    4      26     28     27     36                                   126.0      15.8  8
                         1992 20     27.5   11     20     16     20     34     33     12     17     20     5        235.5      19.6 12
                         1993 8      17.5   5      9      14     31     25     15     14     36     1      1        176.5      14.7 12
                         1994 45     0      4      10     45.5   38     18     22     16     16     6      6        226.5      18.9 12
                         1995 20     8      10     10     28     28     17.5   24     7      18     10     35       215.5      18.0 12
                         1996 0      5      7      14     15.5   45     35     23.5   20     25     0      7.5      197.5      16.5 12
                         1997 13.5   0      40     34     40     12     30     48     20     20     14     11       282.5      23.5 12
                         1998 5      0      0      10     2.5    16     33     20     68     15     25.5   0        195.0      16.3 12
                         1999 0      0      16     7.5    20     25     46     38     37     60     0      0        249.5      20.8 12
                         2000 0      0      3      11.5   16     35     9      25     38     7      2      2        148.5      12.4 12
                         2001 2      11     20     20     16.5   60     20     25     26     3.5    2.5    19       225.5      18.8 12
                         2002 35     2      5      9.5    9      90     19     48     40     49     4.5    0        311.0      25.9 12
                         2003 0      0      11     21     18.5   38     25     17.5   46     27     14.5   0        218.5      18.2 12
                         2004 31     0      13     21     32     32     41.5   31     43     42     2      18.5     307.0      25.6 12
                         2005 0      0      11.5   33.5   21     21     29     59     5      50     0      6.5      236.5      19.7 12
                         2006 0      0      23.5   27     29.5   29     19.5   31.5   34     75     15.7   7.5      292.2      24.4 12
                         2007 17.5   37     9.5    12     21     25     27     48.5   18.3   7      2      6        230.8      19.2 12
                         2008 0      2.7    2      22     24     24     26     17     23.5   14     0      2.7      157.9      13.2 12
                         2009 5.3    1      25.75  1.5    30     52.5   23     52     27     66.5   2      10       296.6      24.7 12
                         2010 20     66.5   25.75  59     16     36.5   44.5   55.5   9      8      15     0        355.8      29.6 12
                         2011 0      0      25.75  36     12     43     46     20.5   26     17     0      4.5      230.8      19.2 12
                         2012 0      22.5   12.5   5      15     42     46     51     30.5   5.3    20.5   0        250.3      20.9 12
                         2013 0      6.6    3.5    7      31     23.5   59     25.5   50     31     18     9.5      264.6      22.1 12
                         2014 14.5   1.5    17.5   14     38.5   49.5   28.5   33     44     58     6      0        305.0      25.4 12
                         2016 20.5   0      46     14     17     32     20     34.5   29     49     2      0        264.0      22.0 12
                         2017 0      0      25.5   14.3   29     34     41     47     36     5.5    2.2    0        234.5      19.5 12
                         2018 15     24.5   9      24.5   17     47     12.7   26.5   41     27.5   34     0        278.7      23.2 12
                         2019 0      10.5   1.5    8.2    17.5   42     39     31.5   46.5   44     44     51.2     335.9      28.0 12
                         2020 0      2.5    1      44     39.5   42     39     34            24     0      1        227.0      20.6 11
                         2021 4      6      1.5    33.5   32.5   57.3   83.5   32     22     16     3      0        291.3      24.3 12

MINIMA                        0      0      0      0      2.5    12     8      13     5      2      0      0        126.0      12.4
MAXIMA                        45     66.5   46     65     51.5   90     83.5   75     68     75     44     51.2     355.8      29.6
MEDIA                         8.849  8.5442 11.976 20.238 25.725 35.102 32.735 32.654 27.494 24.221 9.878  5.5843   238.9      20.2
DESV. ESTANDAR                11.321 12.349 10.537 14.187 11.484 14.013 14.875 13.793 14.674 18.437 11.383 9.246     52.05      4.0


LLUVIA TOTAL MEN
                         1966        14     52.8   139.4  79.4   85.4   165.6  184.4  135.4  62.4   0      4.4      923.2      83.9 11
                         1967 20     14     6      45     61     195.4  47.4   144.5  199    91     13.5   3.5      840.3      70.0 12
                         1968 14     41     3      98.4   149.5  321.5  75     68     17.5   90.5   46     10       934.4      77.9 12
                         1969 56     1.5    81.5   41     77     51.5   182.5  362.5  38     22.5   0      1        915.0      76.3 12
                         1970 12     14.5   0      4      141.4  144.5  115.9  68     108    9.2    4.5    0        622.0      51.8 12
                         1971 11     0      15.3   12     51     123.5  157    171.5  93.5   71.5   2      5.5      713.8      59.5 12
                         1972 0      0      36.5   92.5   274.5  211    124.5  36     125.5  107.5  49     10     1,067.0      88.9 12
                         1973 0      15     25     91.9   91     160.5  178    95.6   76     58.5   30     2.5      824.0      68.7 12
                         1974 8.5    5      38.5   69     66     176    135    92.5   165    18     6      0        779.5      65.0 12
                         1975 1      7      6.5    30.5   186    172    157.1  112.5  64.5   44     0      6.6      787.7      65.6 12
                         1976 2      21.6   0      143.5  95     43     181.5  189.5  40     139    32     0        887.1      73.9 12
                         1977 6      9.5    0.5    37     74.5   138.5  26.5   82.5   155    15.5   12.5   19.5     577.5      48.1 12
                         1978 4.5    3      54     33     63     260.5  91.5   93.5   128    36     14.5   0        781.5      65.1 12
                         1979 0      18.5   42     149    132.5  73.5   168.5  303    130    3      2      41     1,063.0      88.6 12
                         1980 68     0      5      52.2   194    92.5   88     154.8  123.5  14     14.5   0        806.5      67.2 12
                         1981 22.5   47     21.5   82.7   115    276    125    130    65     52     2.5    3        942.2      78.5 12
                         1982 0      43     31.5   76     158.5  73.5   45.5   43     30.3   64.2   17.5   0        583.0      48.6 12
                         1983 20     52     25     0      7                           39     43.6   36.5   12       235.1      26.1  9
                         1984 34     6.5    6      0      97.2   180.5  133    86     244    25     0.5    1.5      814.2      67.8 12
                         1985 0      8      16.5   128    105.5  115    114    76.5   96.5   22     27     5.5      714.5      59.5 12
                         1986 1      5      1      109.5  192    140    63     83.5   29.5   62.5          3.5      690.5      62.8 11
                         1987 0      0      17     52     81     291.7  121.5  87     73.5   2      18     0        743.7      62.0 12
                         1988 0      1.5    8.5    11     87.5   134    125.5  125.5                                493.5      61.7  8
                         1992 88.5   41     29.5   62     196    95.5   111    135.5  66     84     76.5   9        994.5      82.9 12
                         1993 14     29     9      33.5   47.8   136.5  103    56     63.5   60     1      1        554.3      46.2 12
                         1994 61     0      4      42     158.5  182    68.5   113.5  56     38.5   10     7        741.0      61.8 12
                         1995 49     12     33.5   37.5   152.5  72.5   76     104.5  34.5   114    29     82       797.0      66.4 12
                         1996 0      5      13.5   54     62     272    68.2   144.8  92.5   72     0      10       794.0      66.2 12
                         1997 13.5   0      71     108.5  126.5  75     112.5  141    93     52.5   47.5   27       868.0      72.3 12
                         1998 7      0      0      11     4      79.5   114    78.5   387.5  62.7   43.5   0        787.7      65.6 12
                         1999 0      0      59.2   14.5   79.5   74     187.5  193.6  53.1   155.5  0      0        816.9      68.1 12
                         2000 0      0      9      27.5   101    161.5  24     83.5   73.5   10     4.5    2        496.5      41.4 12
                         2001 2      17.5   30     65.5   83.5   283.5  75     112.5  111.5  5.5    4.5    38.5     829.5      69.1 12
                         2002 36     2      8.5    34.5   32.7   216.5  138    106.5  165    239.5  9      0        988.2      82.3 12
                         2003 0      0      11     56.5   83.5   219.5  95.5   89     191    101    25     0        872.0      72.7 12
                         2004 44     0      38     73.8   193    159.5  150    122.5  168    90     2      18.5   1,059.3      88.3 12
                         2005 0      0      19.5   51.5   86.5   41.5   92.5   168.5  16     114.5  0      8.5      599.0      49.9 12
                         2006 0      0      55     67     266.5  97     107.1  112    105.8  118    38.5   7.5      974.4      81.2 12
                         2007 19.5   54     13     54.5   152.4  95.9   109.2  164.8  75.3   18.5   3      11.5     771.6      64.3 12
                         2008 0      3.7    2      91.8   64     165    133.5  106.3  86.2   25.5   0      2.7      680.7      56.7 12
                         2009 6.3    1      35.45  3      149.1  141.8  62.8   182.5  182.3  105    2      17.5     888.8      74.1 12
                         2010 56.2   107.5  26.75  106.8  60.8   97.3   239.5  182.5  81.3   9      15     0        982.7      81.9 12
                         2011 0      0      26.75  54.5   58     110.5  189.5  102.5  68.5   57     0      6        673.3      56.1 12
                         2012 0      43     33.5   10.5   53.7   189.5  168    280.5  103    14.3   21.5   0        917.5      76.5 12
                         2013 0      6.6    12     15.5   143    104.5  191.5  105.5  295.5  115    44     18.5   1,051.6      87.6 12
                         2014 14.5   1.5    95.6   36.5   147.6  230.9  100.9  110.1  207.4  71.8   11.5   0      1,028.3      85.7 12
                         2016 36.3   0      112.5  43     78.5   188.7  66.6   163.2  133.7  68     4.8    0        895.3      74.6 12
                         2017 0      0      55.1   48.2   134.3  154    235.5  169    211.8  12     2.2    0      1,022.1      85.2 12
                         2018 15     32.5   18.5   124    70.7   205    52.12  180.5  109.8  86     134.6  0      1,028.7      85.7 12
                         2019 0      10.5   1.5    21     62     239    179    110.5  204    94.5   63     51.2   1,036.2      86.3 12
                         2020 0      2.5    1.5    84.5   130    239    179    146.5         36     0      1        820.0      74.5 11
                         2021 5      6      1.5    52.5   145.5  202.8  189.1  122.1  178.5  60.5   3.5    0        967.0      80.6 12

MINIMA                        0      0      0      0      4      41.5   24     36     16     2      0      0        235.1      26.1
MAXIMA                        88.5   107.5  112.5  149    274.5  321.5  239.5  362.5  387.5  239.5  134.6  82     1,067.0      88.9
MEDIA                         14.672 13.517 25.383 57.369 109.66 156.66 122.36 130.95 115.81 61.66  18.492 8.8019   820.7      69.3
DESV. ESTANDAR                21.359 20.521 25.548 39.318 57.899 70.752 51.849 61.644 74.123 46.519 25.126 15.302   173.88     13.6


TEMP MAXIMA EXT.
                         1980                                    26     25     23.5   23.5   25.5   23     23       169.5      24.2  7
                         1981 23.5   26     28     28.5   28     23     23     25     24     24     23     24       300.0      25.0 12
                         1982 25     25     27     30     27     29     24     25     26     24     24     23       309.0      25.8 12
                         1983 25     24     25     37     31                          24     25     23     23       237.0      26.3  9
                         1984 22     24     28     29     29     24     23     24     23     26     27     27       306.0      25.5 12
                         1985 22     23.5   28     27     27     25     23     25     24     24     25     26       299.5      25.0 12
                         1986 22     25     26     29     29     24     24     25     25     25            23       277.0      25.2 11
                         1987 24     26     27     27     27     24     24     25     25     26     24     24       303.0      25.3 12
                         1988 23     26     27     31     30     27     25     24                                   213.0      26.6  8
                         1992 23     26     29     28     27     27     26     26     25     24     24     24       309.0      25.8 12
                         1993 25     26     27     27     29     30     27     25     26     26     25     24       317.0      26.4 12
                         1994 23     25     29     30     29     26     27     26     25     27     26     24       317.0      26.4 12
                         1995 23     27     30     30     30     29     27     27     27     25     24     24       323.0      26.9 12
                         1996 24     28     28     28     29     27     26     28     27     27     26     24       322.0      26.8 12
                         1997 24     28     29     29     26     28     26     27     26     27     26     25       321.0      26.8 12
                         1998 24     26     29     32     35     32     27     27     27     26     25     24       334.0      27.8 12
                         1999 24     26     28     30     29     28     26     27     25     28     28     24       323.0      26.9 12
                         2000 24     27     30     30     27     28     28     25     26     25     27     25       322.0      26.8 12
                         2001 26     26     29     31     31     26     26     30     27     27     25     25       329.0      27.4 12
                         2002 26     26     30     35     32     31     34     27     26     26     25     25       343.0      28.6 12
                         2003 25     27     30     31     32     31     30     30     30     26     28     24       344.0      28.7 12
                         2004 24     26     28     28     29     26     28     28     26     27     30     25       325.0      27.1 12
                         2005 25     29     28     29     27     31     27     27     25     27     26     35       336.0      28.0 12
                         2006 24     27     31     29     27     27     26     26     27     27     26     25       322.0      26.8 12
                         2007 24     27     28     28     27     29     27     27     25     26     24     33       325.0      27.1 12
                         2008 25     27     29     30     31     26     26     26     26     26     25     25       322.0      26.8 12
                         2009 26     28     28     31     31     28     28     27     27     28     24     25       331.0      27.6 12
                         2010 23     22     28     26     31     30     24     25     25     27     25     23       309.0      25.8 12
                         2011 24     27     29     31     31     28     25     28     26     25     25     26       325.0      27.1 12
                         2012 24     26     30     30     30     29     28     25     25     26     25     26       324.0      27.0 12
                         2013 25     27     27     30     29     30     25     25     26     24     24     25       317.0      26.4 12
                         2014 23     25     26     27     27     24     25     27     27     26     26     26       309.0      25.8 12
                         2016 24     26     25     29     29     24     25     25     25     25     33     25       315.0      26.3 12
                         2017 25     29     28     28     28     25     25     25     25     25     26     25       314.0      26.2 12
                         2018 24     26     28     27     31     25     28     23     26     25     25     24       312.0      26.0 12
                         2019 24     28     28     28     28     25     25     26     26     26     28     25       317.0      26.4 12
                         2020 24     30     31     29     28     25     25     25            26     28     23       294.0      26.7 11
                         2021 25     28     29     30     27     25     26     25     25     27     24     27       318.0      26.5 12

MINIMA                        22     22     25     26     26     23     23     23     23     24     23     23       169.5      24.2
MAXIMA                        26     30     31     37     35     32     34     30     30     28     33     35       344.0      28.7
MEDIA                         24.067 26.364 28.243 29.445 29.054 27.081 26.054 25.986 25.652 25.851 25.611 25.081   308.8      26.5
DESV. ESTANDAR                1.0419 1.5927 1.4415 2.1466 1.9571 2.4195 2.0942 1.5832 1.2863 1.1109 2.0462 2.4195    33.91      1.0


TEMP MAXIMA PROM
                         1980                                    22.816 22.419 21.435 20.116 21.661 20.366 19.403   148.2      21.2  7
                         1981 17.793 20.732 22.322 23.333 23.467 20.816 20.532 21.112 20.816 21.709 20.85  18.935   252.4      21.0 12
                         1982 21.306 21.392 22.951 24.316 22.935 24.1   21.935 22.451 22.166 20.725 21.433 19.774   265.5      22.1 12
                         1983 18.354 18.392 20.806 24.566 25.871                      21.166 21.129 19.9   19.967   190.2      21.1  9
                         1984 19.064 20.206 23.354 26.233 22.645 21.9   20.258 20.725 18.5   22.241 20.95  20.08    256.2      21.3 12
                         1985 19.225 20.892 23.387 21.7   22.887 21.633 20.129 21.419 21.966 22.032 21.3   19.645   256.2      21.4 12
                         1986 18.967 20.964 22     24.333 23.161 22.1   21.871 22.645 22.1   21.58         19.419   239.1      21.7 11
                         1987 20.483 21.535 22.225 22.333 23.806 21.866 20.935 23.032 23.366 22.161 21.4   21.645   264.8      22.1 12
                         1988 18.741 21.965 21.903 24.466 25.29  22.25  22.354 21.548                               178.5      22.3  8
                         1992 18.241 20.172 24     23.1   21.935 24.066 22.516 22.612 21.7   21.548 19.633 21.483   261.0      21.8 12
                         1993 20.354 22.285 23.548 24.8   24.225 23.266 23     22.903 21.2   22.419 22.566 20.741   271.3      22.6 12
                         1994 20.354 22.714 25.096 25.866 24.096 23     24.258 21.58  22     22.838 22.733 21.258   275.8      23.0 12
                         1995 20.451 22.178 24.032 26.133 26.548 25.066 22.774 21.774 22.9   21.612 21.133 19.322   273.9      22.8 12
                         1996 20.096 22.482 23.871 25.066 26.387 22.566 23.322 22.419 24.033 22.483 22.133 20.838   275.7      23.0 12
                         1997 20.258 22.785 24.161 22.733 22.322 25.033 23.806 24.193 22.9   21.838 21.4   21.29    272.7      22.7 12
                         1998 19.935 22.071 25.064 28.266 29.838 27.666 23.58  24.354 21.533 20.741 21.766 21.838   286.7      23.9 12
                         1999 21.129 22.571 24.564 26.166 26.419 24.266 21.58  23.451 21.233 20.322 20     19.29    271.0      22.6 12
                         2000 20.483 23.069 25.129 25.566 23.903 22.666 24.064 22.258 22.166 22.354 23.2   20.161   275.0      22.9 12
                         2001 21.451 22.428 22.967 24.2   24.387 23.066 23.322 23.225 22.1   22.096 20.566 20.129   269.9      22.5 12
                         2002 20.935 21.259 25.838 27.482 26.019 24.448 24.161 23.258 22.379 23     19.931 20.903   279.6      23.3 12
                         2003 20.258 23.925 24.967 26.689 27.354 23.137 24.258 23.693 22.655 22.58  22.689 20.193   282.4      23.5 12
                         2004 19.451 21.821 23.709 24.62  24.419 23.896 24.161 24.709 22.551 22.225 22.793 19.612   274.0      22.8 12
                         2005 20.645 22.629 23.354 26.275 24.58  25.413 23.451 22.096 22.448 21.387 21.724 21       275.0      22.9 12
                         2006 21.096 22.857 24.709 26.5   22.451 22.666 22.096 22.483 23.2   22.838 20.366 19.483   270.8      22.6 12
                         2007 20.612 21.642 24.612 24.2   23.774 24.5   23.451 22.612 21.866 21.161 21.9   22       272.3      22.7 12
                         2008 20.387 23.069 23.483 25.866 25.161 21.733 21     23.032 21.133 21.677 20.9   21.225   268.7      22.4 12
                         2009 20.433 22.785 24.967 26.233 24.483 22.933 23.806 23.451 21.133 22.967 20.166 19       272.4      22.7 12
                         2010 16.741 17.714 22.677 23.166 26.967 25.433 20.419 21.774 20.266 22.466 20.766 19.871   258.3      21.5 12
                         2011 20.548 22.678 24.645 26.766 27.225 23.566 20.741 23.29  21.166 20.322 21.366 21.871   274.2      22.8 12
                         2012 19.483 18.931 24.483 23.533 25.064 22.62  21.612 21.096 21.866 22.967 20.733 21.366   263.8      22.0 12
                         2013 20.387 23.607 21.903 24.666 23.774 23.033 21.161 21.129 19.466 20.741 19.6   19.987   259.5      21.6 12
                         2014 19.387 21.607 20.5   23.866 22.069 21     21.645 23.258 21.1   21.806 21.791 21.1     259.1      21.6 12
                         2016 17.483 21.84  19.838 24.366 25.29  21.033 22.161 21.161 21.862 21.709 21.366 21.129   259.2      21.6 12
                         2017 21.387 22.285 21.633 23.566 24.277 22.033 21.387 22.419 20.566 20.258 22.566 21.166   263.5      22.0 12
                         2018 19.322 22.607 24.225 22.4   24.387 20.866 23.451 21.548 22.766 21.032 19.6   19.516   261.7      21.8 12
                         2019 20.967 23.92  24.354 25.133 25.032 22.033 22.483 23.903 23.111 21.967 22.2   22.133   277.2      23.1 12
                         2020 20.5   23.307 27.096 27     23.58  22.033 22.483 23.032        22.8   22.833 20.871   255.5      23.2 11
                         2021 20.806 22.964 26.129 26.035 23.871 20.766 21.774 22.064 21.233 22.58  21.666 23.193   273.1      22.8 12

MINIMA                        16.741 17.714 19.838 21.7   21.935 20.766 20.129 20.725 18.5   20.258 19.6   18.935   148.2      21.0
MAXIMA                        21.451 23.925 27.096 28.266 29.838 27.666 24.258 24.709 24.033 23     23.2   23.193   286.7      23.9
MEDIA                         19.933 21.899 23.635 24.906 24.592 23.008 22.388 22.517 21.742 21.837 21.286 20.563   260.1      22.3
DESV. ESTANDAR                1.1371 1.4133 1.5806 1.5587 1.6996 1.5307 1.2499 1.0123 1.1239 0.7945 1.0257 1.0247    28.12      0.7


TEMP MEDIA MENS.
                         1980                                    14.675 14.532 14.677 14.283 13.491 12.025 9.5645    93.2      13.3  7
                         1981 9.2838 11.767 14.121 14.583 15.822 15.333 14.274 14.443 13.975 14.032 11.925 10.814   160.4      13.4 12
                         1982 12.008 12.383 14.088 15.758 15.588 15.641 13.967 14.064 14.6   13.177 12.35  11.354   165.0      13.7 12
                         1983 10.467 10.535 12.596 15.366 17.661                      14.55  12.967 12.75  11.58    118.5      13.2  9
                         1984 10.677 11.862 14.548 17.083 14.887 15.016 13.79  13.83  13.45  13.661 11.608 10.596   161.0      13.4 12
                         1985 10.814 11.589 13.774 13.733 14.572 14.883 13.483 14.193 13.95  13.774 12     11.193   158.0      13.2 12
                         1986 8.9193 11.517 11.919 14.883 15.435 15.283 14.048 14.209 14.583 13.596        11.5     145.9      13.3 11
                         1987 10.854 12.571 14.032 14.383 15.403 15.383 14.854 14.983 15.35  11.709 12.05  12.532   164.1      13.7 12
                         1988 10.048 12.706 13.5   15.816 16     15.525 14.903 14.741                               113.2      14.2  8
                         1992 11.153 11.741 15.064 14.9   14.322 16.233 14.838 15     14.583 13.306 12.716 11.758   165.6      13.8 12
                         1993 11.596 12.696 14.193 15.608 15.774 16.15  15.032 14.951 14.8   14.032 12.816 11.225   168.9      14.1 12
                         1994 11.08  13.321 15.29  16.516 15.548 15.3   15.241 14.564 14.166 14.467 12.916 12.129   170.5      14.2 12
                         1995 11.887 12.696 14.903 16.8   17.612 16.866 15.306 15.516 14.783 13.516 12.933 11.306   174.1      14.5 12
                         1996 9.9516 12.396 14.048 15.733 17.048 15.433 15.29  15.145 15.9   14.193 12.25  11.645   169.0      14.1 12
                         1997 10.854 12.964 14.564 15.05  14.467 16.55  15.725 15.516 15.1   13.919 13.2   12.112   170.0      14.2 12
                         1998 10.629 12.196 14.741 17.85  18.935 18.616 15.612 16.274 16.2   14.354 13.85  12.274   181.5      15.1 12
                         1999 11.096 12.214 14.459 16.583 16.564 15.966 14.532 15.612 14.2   12.572 10.833 10.032   164.7      13.7 12
                         2000 10.209 12.155 14.838 15.616 15.79  15.466 15.048 14.564 14.716 13.79  13.983 10.241   166.4      13.9 12
                         2001 11.209 12.66  13.258 15.15  15.532 15.916 14.758 15.596 14.916 13.995 11.683 11.532   166.2      13.9 12
                         2002 11.451 11.967 15.822 16.608 16.433 16.624 16.048 15.072 15.539 14.822 11.848 11.709   173.9      14.5 12
                         2003 10.822 13.659 15.209 17.444 17.983 16.669 15.741 15.382 15.644 15.241 13.461 10.08    177.3      14.8 12
                         2004 10.983 12.583 14.387 15.543 16.048 16.231 15.596 15.903 14.805 14.483 12.679 10.33    169.6      14.1 12
                         2005 11     13.011 14.871 16.971 16.032 17.206 15.5   14.661 14.69  13.354 12.378 11.774   171.5      14.3 12
                         2006 11.064 12.678 14.129 15.933 14.903 14.716 14.806 15.064 15.283 14.629 12.016 10.58    165.8      13.8 12
                         2007 11.838 12.607 14.403 15.35  15.516 16.066 15.5   14.887 14.333 12.725 12.083 12.177   167.5      14.0 12
                         2008 10.774 13.224 13.967 16.366 16.677 14.816 14.209 15.129 14.966 12.903 11.266 10.919   165.2      13.8 12
                         2009 10.765 12.089 14.241 16.333 16.064 15.583 15.677 15.338 15.066 14.854 11.733 11.483   169.2      14.1 12
                         2010 9.7741 10.607 13.951 15.15  17.274 17.05  14.919 15.306 14.216 12.684 11.383 9.4193   161.7      13.5 12
                         2011 11.112 13.178 14.145 16.85  17.854 15.666 14.564 15.548 13.9   11.741 12.6   11.919   169.1      14.1 12
                         2012 11.258 11.958 14.564 14.133 16.048 15.741 14.516 14.701 14.65  13.58  11.95  12.07    165.2      13.8 12
                         2013 11.5   13.839 12.854 16.166 16     15.383 14.338 14.193 14.416 13.048 11.666 11.348   164.8      13.7 12
                         2014 11.209 12.553 13.717 16.416 15.551 15.083 14.887 15.838 15.383 14.822 14.975 13.275   173.7      14.5 12
                         2016 11.193 12.446 13.516 16.45  17.645 15.2   15.483 15.032 15.197 14.177 13.55  13.354   173.2      14.4 12
                         2017 11.919 13.214 13.365 15.283 17.283 16     14.983 15.693 15.183 13.903 12.816 11.373   171.0      14.3 12
                         2018 10.209 13.803 15.661 15.2   16.209 15.4   15.709 14.887 15.583 15.177 13.166 11.806   172.8      14.4 12
                         2019 11.903 15.147 15.645 16.416 17.403 16.258 15.661 16.418 15.907 15.564 14.85  13.066   184.2      15.4 12
                         2020 12.033 14.487 17.209 18.85  16.806 16.258 15.661 16.5          14.141 14.216 13.08    169.2      15.4 11
                         2021 12.951 14.107 16.58  17.285 16.709 15.733 15.354 15.548 15.466 15.338 12.766 13.532   181.4      15.1 12

MINIMA                        8.9193 10.535 11.919 13.733 14.322 14.675 13.483 13.83  13.45  11.709 10.833 9.4193    93.2      13.2
MAXIMA                        12.951 15.147 17.209 18.85  18.935 18.616 16.048 16.5   16.2   15.564 14.975 13.532   184.2      15.4
MEDIA                         10.986 12.625 14.383 15.95  16.254 15.836 14.983 15.108 14.842 13.831 12.591 11.532   163.8      14.1
DESV. ESTANDAR                0.7969 0.9496 1.0301 1.0694 1.0755 0.7997 0.6278 0.6451 0.6333 0.925  0.965  1.0175    18.07      0.6


TEMP MINIMA EXT.
                         1980                                    2      3.5    5      4      0.5    -3     -8.5       3.5       0.5  7
                         1981 -5     -1     1      2      5      5.5    5      3.5    2.5    1.5    -4     -4        12.0       1.0 12
                         1982 0      -1     0      2.5    1      3      2      1      4      0      -6     -7        -0.5       0.0 12
                         1983 -5     -1     0      2      6                           4      1      1      -2         6.0       0.7  9
                         1984 -9     -3     2      3      3      4      3      4      3      2      -5     -4         3.0       0.3 12
                         1985 -5     -3     -1     -3     4      4      3      4      3      1      1      -1         7.0       0.6 12
                         1986 -7     -4     -6     0      3      5      1      2      4      -5            -1        -8.0      -0.7 11
                         1987 -7     -7     -4     0      4      6      4      4      2      -5     -6     -1       -10.0      -0.8 12
                         1988 -9     -3     0      3      1      5      3      4                                      4.0       0.5  8
                         1992 1      -2     2      3      2      5      2      4      4      0      1      -4        18.0       1.5 12
                         1993 -3     0      -1     2      4      3      4      3      5      2      -6     -2        11.0       0.9 12
                         1994 -6     1      0      5      4      4      4      5      0      1      -5     -2        11.0       0.9 12
                         1995 0      -1     1      1      4      2      4      5      1      -3     -1     0         13.0       1.1 12
                         1996 -6     -3     -5     1      4      4      4      5      6      1      -2     -1         8.0       0.7 12
                         1997 -3     -1     1      4      2      3      4      4      5      -2     0      -8         9.0       0.8 12
                         1998 -3     -4     -3     1      4      7      4      5      8      1      1      -3        18.0       1.5 12
                         1999 -5     -4     0      4      0      4      2      4      1      -5     -3     -3        -5.0      -0.4 12
                         2000 -7     -7     -2     3      4      4      3      3      3      1      1      -3         3.0       0.3 12
                         2001 -3     0      -1     1      3      5      3      4      3      0      -1     -2        12.0       1.0 12
                         2002 -2     -5     1      1      1      5      6      0      0      3      -6     -2         2.0       0.2 12
                         2003 -2     1      1      0      4      8      4      3.5    7      4      -3     -5        22.5       1.9 12
                         2004 -3     -2     -1     2      6      4      4      5      4      4      -3     -10       10.0       0.8 12
                         2005 -3     0      2      3      3      6      0      0      2      1      -4     -4         6.0       0.5 12
                         2006 -7     -3     -2     -1     4      1      5      3      4      -2     -3     -7        -8.0      -0.7 12
                         2007 -2     0      -2     1      4      2      3      4      1      -4     -5     0          2.0       0.2 12
                         2008 -4     -1     0      3      1      4      4      5      5      -3     -3     -4         7.0       0.6 12
                         2009 -3     -7     -3     3      3      4      5      5      5      3      -1     -1        13.0       1.1 12
                         2010 -1     -3     1      3      4      7      6      4      0      0      -6     -8         7.0       0.6 12
                         2011 -4     0      -2     2      5      1      6      5      -4     -5     -5     -3        -4.0      -0.3 12
                         2012 -3     2      0      -3     1      5      4      5      5      -2     -1     1         14.0       1.2 12
                         2013 -3     -1     -6     1      5      3      5      5      3      2      -2     -3         9.0       0.8 12
                         2014 -2     -3     2      4      7      1      2      4      7      2      5      2         31.0       2.6 12
                         2016 1      0      3      5      6      7      6      5      4      2      -2     1         38.0       3.2 12
                         2017 -2     1      -1     3      5      5      5      7      3      3      -1     -6        22.0       1.8 12
                         2018 -8     0      2      4      4      7      5      6      6      7      2      -1        34.0       2.8 12
                         2019 -4     3      1      4      2      7      6      1      6      6      4      0         36.0       3.0 12
                         2020 -3     0      4      6      6      7      6      7             -1     0      0         32.0       2.9 11
                         2021 2      0      1      2      7      8      6      6      7      1      0      1         41.0       3.4 12

MINIMA                        -9     -7     -6     -3     0      1      0      0      -4     -5     -6     -10      -10.0      -0.8
MAXIMA                        2      3      4      6      7      8      6      7      8      7      5      2         41.0       3.4
MEDIA                         -3.648 -1.675 -0.405 2.0946 3.6756 4.527  3.9594 4.054  3.5416 0.3513 -1.972 -2.851    11.3       1.0
DESV. ESTANDAR                2.7204 2.4158 2.3506 1.9784 1.7646 1.9434 1.5017 1.6278 2.4359 2.9671 2.8932 2.9647    13.03      1.1


TEMP MINIMA PROM
                         1980                                    6.5333 6.6451 7.9193 8.45   5.3225 3.6833 -0.274    38.3       5.5  7
                         1981 0.7741 2.8035 5.9193 5.8333 8.1774 9.85   8.0161 7.7741 7.1333 6.3548 3      2.6935    68.3       5.7 12
                         1982 2.7096 3.375  5.2258 7.2    8.2419 7.1833 6      5.6774 7.0333 5.629  3.2666 2.9354    64.5       5.4 12
                         1983 2.5806 2.6785 4.3871 6.1666 9.4516                      7.9333 4.8064 5.6    3.1935    46.8       5.2  9
                         1984 2.2903 3.5172 5.7419 7.9333 7.129  8.1333 7.3225 6.9354 8.4    5.0806 2.2666 1.1129    65.9       5.5 12
                         1985 2.4032 2.2857 4.1612 5.7666 6.258  8.1333 6.8387 6.9677 5.9333 5.5161 2.7    2.7419    59.7       5.0 12
                         1986 -1.129 2.0714 1.8387 5.4333 7.7096 8.4666 6.2258 5.7741 7.0666 5.6129        3.5806    52.7       4.8 11
                         1987 1.2258 3.6071 5.8387 6.4333 7      8.9    8.7741 6.9354 7.3333 1.258  2.7    3.4193    63.4       5.3 12
                         1988 1.3548 3.4482 5.0967 7.1666 6.7096 8.8    7.4516 7.9354                                48.0       6.0  8
                         1992 4.0645 3.3103 6.129  6.7    6.7096 8.4    7.1612 7.3871 7.4666 5.0645 5.8    2.0322    70.2       5.9 12
                         1993 2.8387 3.1071 4.8387 6.4166 7.3225 9.0333 7.0645 7      8.4    5.6451 3.0666 1.7096    66.4       5.5 12
                         1994 1.8064 3.9285 5.4838 7.1666 7      7.6    6.2258 7.5483 6.3333 6.0967 3.1    3         65.3       5.4 12
                         1995 3.3225 3.2142 5.7741 7.4666 8.6774 8.6666 7.8387 9.258  6.6666 5.4193 4.7333 3.2903    74.3       6.2 12
                         1996 -0.193 2.3103 4.2258 6.4    7.7096 8.3    7.258  7.8709 7.7666 5.9032 2.3666 2.4516    62.4       5.2 12
                         1997 1.4516 3.1428 4.9677 7.3666 6.6129 8.0666 7.6451 6.8387 7.3    6      5      2.9354    67.3       5.6 12
                         1998 1.3225 2.3214 4.4193 7.4333 8.0322 9.5666 7.6451 8.1935 10.866 7.9677 5.9333 2.7096    76.4       6.4 12
                         1999 1.0645 1.8571 4.3548 7      6.7096 7.6666 7.4838 7.7741 7.1666 4.8225 1.6666 0.7741    58.3       4.9 12
                         2000 -0.064 1.2413 4.5483 5.6666 7.6774 8.2666 6.0322 6.8709 7.2666 5.2258 4.7666 0.3225    57.8       4.8 12
                         2001 0.9677 2.8928 3.5483 6.1    6.6774 8.7666 6.1935 7.9677 7.7333 5.8935 2.8    2.9354    62.5       5.2 12
                         2002 1.9677 2.675  5.8064 5.7333 6.8483 8.8    7.9354 6.8871 8.7    6.6451 3.7666 2.5161    68.3       5.7 12
                         2003 1.3871 3.3928 5.4516 8.2    8.6129 10.2   7.2258 7.0719 8.6333 7.9032 4.2333 -0.032    72.3       6.0 12
                         2004 2.5161 3.3448 5.0645 6.4666 7.6774 8.5666 7.0322 7.0967 7.06   6.7419 2.5666 1.0483    65.2       5.4 12
                         2005 1.3548 3.3928 6.3871 7.6666 7.4838 9      7.5483 7.2258 6.9333 5.3225 3.0333 2.5483    67.9       5.7 12
                         2006 1.0322 2.5    3.5483 5.3666 7.3548 6.7666 7.5161 7.6451 7.3666 6.4193 3.6666 1.6774    60.9       5.1 12
                         2007 3.0645 3.5714 4.1935 6.5    7.258  7.6333 7.5483 7.1612 6.8    4.2903 2.2666 2.3548    62.6       5.2 12
                         2008 1.1612 3.3793 4.4516 6.8666 8.1935 7.9    7.4193 7.2258 8.8    4.129  1.6333 0.6129    61.8       5.1 12
                         2009 1.0967 1.3928 3.5161 6.4333 7.6451 8.2333 7.5483 7.2258 9      6.7419 3.3    3.9677    66.1       5.5 12
                         2010 2.8064 3.5    5.2258 7.1333 7.5806 8.6666 9.4193 8.8387 8.1666 2.9032 2      -1.032    65.2       5.4 12
                         2011 1.6774 3.6785 3.6451 6.9333 8.4838 7.7666 8.3871 7.8064 6.6333 3.1612 3.8333 1.9677    64.0       5.3 12
                         2012 3.0322 4.9862 4.6451 4.7333 7.0322 8.862  7.4193 8.3064 7.4333 4.1935 3.1666 2.7741    66.6       5.5 12
                         2013 2.6129 4.0714 3.8064 7.6666 8.2258 7.7333 7.5161 7.258  9.3666 5.3548 3.7333 2.7096    70.1       5.8 12
                         2014 3.0322 3.5    6.9354 8.9666 9.0344 9.1666 8.129  8.4193 9.6666 7.8387 8.16   5.4516    88.3       7.4 12
                         2016 4.9032 3.052  7.1935 8.5333 10     9.3666 8.8064 8.9032 8.5333 6.6451 5.7333 5.5806    87.3       7.3 12
                         2017 2.4516 4.1428 5.0967 7      10.29  9.9666 8.5806 8.9677 9.8    7.5483 3.0666 1.5806    78.5       6.5 12
                         2018 1.0967 5      7.0967 8      8.0322 9.9333 7.9677 8.2258 8.4    9.3225 6.7333 4.0967    83.9       7.0 12
                         2019 2.8387 6.375  6.9354 7.7    9.7741 10.482 8.8387 8.9333 8.7037 9.1612 7.5    4         91.2       7.6 12
                         2020 3.5666 5.6666 7.3225 10.7   10.032 10.482 8.8387 9.9677        5.4838 5.6    5.2903    83.0       7.5 11
                         2021 5.0967 5.25   7.0322 8.5357 9.5483 10.7   8.9354 9.0322 9.7    8.0967 3.8666 3.8709    89.7       7.5 12

MINIMA                        -1.129 1.2413 1.8387 4.7333 6.258  6.5333 6      5.6774 5.9333 1.258  1.6333 -1.032    38.3       4.8
MAXIMA                        5.0967 6.375  7.3225 10.7   10.29  10.7   9.4193 9.9677 10.866 9.3225 8.16   5.5806    91.2       7.6
MEDIA                         2.0401 3.3509 5.1312 6.9942 7.9166 8.6638 7.5793 7.698  7.9429 5.8249 3.8975 2.5013    67.4       5.8
DESV. ESTANDAR                1.312  1.0939 1.2484 1.1502 1.0824 1.0148 0.8635 0.9276 1.1072 1.6446 1.6135 1.5238    11.63      0.8


